Length: 10

Random data set:

[38, 67, 69, 4, 44, 38, 43, 38, 46, 56]
Bubble sort: 74
Quick sort: 26
Merge sort: 56

Almost sorted data set:

[3, 44, 59, 87, 88, 87, 96, 94, 98, 96]
Bubble sort: 58
Quick sort: 25
Merge sort: 57

Almost reversed data set:
[98, 91, 74, 52, 47, 39, 30, 31, 17, 14]
Bubble sort: 99
Quick sort: 26
Merge sort: 57




Length: 30

Random data set:

[72, 75, 14, 52, 30, 7, 81, 14, 59, 31, 38, 34, 46, 9, 96, 10, 91, 64, 16, 24, 19, 90, 28, 29, 9, 0, 5, 5, 5, 87]
Bubble sort: 732
Quick sort: 93
Merge sort: 255

Almost sorted data set:

[1, 20, 27, 33, 33, 48, 47, 51, 58, 74, 75, 77, 84, 86, 90, 88, 88, 91, 92, 90, 89, 87, 90, 91, 92, 91, 89, 89, 94, 92]
Bubble sort: 503
Quick sort: 96
Merge sort: 250

Almost reversed data set:
[96, 97, 86, 78, 77, 75, 62, 56, 52, 52, 47, 45, 38, 39, 34, 30, 30, 25, 26, 22, 19, 17, 18, 16, 16, 16, 11, 12, 10, 11]
Bubble sort: 888
Quick sort: 92
Merge sort: 254




Length: 50

Random data set:

[72, 22, 21, 65, 80, 16, 77, 47, 5, 4, 15, 81, 54, 9, 76, 84, 22, 16, 4, 12, 55, 21, 26, 55, 15, 60, 5, 61, 28, 23, 77, 97, 65, 3, 51, 87, 47, 84, 76, 88, 28, 45, 56, 88, 64, 30, 42, 55, 2, 79]
Bubble sort: 1796
Quick sort: 171
Merge sort: 483

Almost sorted data set:

[5, 12, 20, 19, 26, 40, 41, 45, 53, 53, 63, 67, 67, 69, 71, 74, 75, 81, 79, 79, 79, 77, 79, 83, 83, 89, 90, 89, 89, 87, 90, 88, 89, 90, 88, 89, 87, 89, 87, 85, 86, 88, 89, 91, 90, 88, 86, 86, 86, 88]
Bubble sort: 1453
Quick sort: 183
Merge sort: 484

Almost reversed data set:
[99, 91, 89, 83, 80, 80, 75, 69, 68, 67, 68, 62, 59, 58, 50, 47, 44, 45, 42, 39, 39, 37, 34, 31, 30, 29, 24, 25, 26, 21, 21, 20, 19, 18, 16, 17, 14, 14, 13, 13, 12, 11, 9, 8, 7, 7, 8, 9, 10, 5]
Bubble sort: 2473
Quick sort: 167
Merge sort: 488




Length: 100

Random data set:

[98, 38, 97, 57, 42, 57, 29, 46, 58, 79, 97, 89, 42, 3, 99, 82, 96, 19, 3, 64, 62, 79, 100, 12, 11, 56, 28, 13, 39, 95, 5, 64, 62, 29, 24, 37, 18, 75, 30, 37, 93, 46, 61, 30, 100, 91, 18, 45, 24, 6, 94, 15, 80, 7, 98, 13, 70, 22, 58, 54, 65, 20, 32, 7, 77, 55, 51, 87, 84, 38, 53, 71, 35, 96, 86, 21, 23, 30, 62, 90, 96, 98, 21, 85, 74, 79, 25, 25, 83, 3, 15, 96, 63, 75, 19, 64, 2, 31, 45, 24]
Bubble sort: 7611
Quick sort: 389
Merge sort: 1149

Almost sorted data set:

[5, 6, 12, 17, 20, 20, 27, 27, 27, 30, 37, 41, 40, 38, 37, 40, 51, 53, 52, 57, 55, 60, 62, 63, 65, 66, 64, 67, 66, 65, 70, 70, 73, 71, 70, 70, 76, 77, 78, 76, 74, 79, 79, 79, 77, 75, 76, 78, 76, 74, 74, 81, 81, 79, 78, 78, 76, 74, 73, 74, 75, 74, 81, 81, 80, 79, 80, 78, 80, 78, 76, 78, 76, 79, 79, 78, 81, 80, 79, 81, 81, 80, 80, 79, 77, 79, 78, 81, 80, 81, 80, 80, 78, 80, 81, 81, 80, 80, 81, 81]
Bubble sort: 5561
Quick sort: 399
Merge sort: 1106

Almost reversed data set:
[95, 94, 93, 89, 88, 89, 85, 85, 83, 79, 75, 75, 76, 76, 76, 68, 64, 65, 65, 62, 56, 56, 51, 51, 49, 47, 48, 48, 45, 43, 44, 44, 40, 39, 38, 37, 38, 39, 36, 35, 36, 33, 31, 31, 28, 28, 27, 26, 26, 24, 25, 23, 20, 21, 20, 17, 16, 16, 16, 16, 12, 11, 10, 11, 8, 9, 6, 5, 5, 6, 2, 2, 3, 0, 1, 0, 0, 1, 0, 1, 2, 3, 2, 3, 2, 0, 0, 0, 1, 2, 0, 0, 0, 1, 2, 0, 1, 0, 0, 1]
Bubble sort: 9707
Quick sort: 392
Merge sort: 1149